1411 0 545.3330112 309.99996000000004 7.333337599999999 9.33336 -1 -1 -1 -1
1412 0 545.33312 309.99996 12.0 8.666640000000001 -1 -1 -1 -1
1413 0 545.33312 309.33331200000003 12.0 10.666656 -1 -1 -1 -1
1414 0 545.332992 309.33331200000003 15.333376000000001 10.666656 -1 -1 -1 -1
1415 0 545.332992 308.66659200000004 15.333376000000001 10.666656 -1 -1 -1 -1
1416 0 545.333888 307.99998000000005 20.666624 13.33332 -1 -1 -1 -1
1417 0 545.333568 308.666628 22.666624 11.333304 -1 -1 -1 -1
1418 0 545.333568 308.00016 30.666624 18.0 -1 -1 -1 -1
1419 0 545.3328 308.000196 38.0 19.333368 -1 -1 -1 -1
1420 0 545.33312 308.000268 36.0 20.666663999999997 -1 -1 -1 -1
1421 0 545.33312 308.000232 36.0 20.000016 -1 -1 -1 -1
1422 0 545.333248 308.000304 40.666624 21.333312 -1 -1 -1 -1
1423 0 545.33376 308.66630399999997 48.0 22.000031999999997 -1 -1 -1 -1
1424 0 545.333632 309.33302399999997 43.333376 22.000031999999997 -1 -1 -1 -1
1425 0 545.333248 309.99974399999996 48.666624 22.000031999999997 -1 -1 -1 -1
1426 0 545.333248 311.999832 40.666624 20.000016 -1 -1 -1 -1
1503 1 544.667328 312.00008399999996 18.666624 7.999992000000001 -1 -1 -1 -1
1504 1 545.333568 309.33331200000003 14.666623999999999 10.666656 -1 -1 -1 -1
1505 1 545.33344 308.666628 18.0 12.000024 -1 -1 -1 -1
1506 1 545.333632 309.33334799999994 19.333376 12.000024 -1 -1 -1 -1
1507 1 545.332928 307.99998000000005 26.666624 13.33332 -1 -1 -1 -1
1508 1 545.33376 301.999788 24.0 20.666663999999997 -1 -1 -1 -1
1509 1 545.3328 299.999736 30.0 23.333328 -1 -1 -1 -1
1510 1 545.333632 299.33330400000006 43.333376 30.666672000000002 -1 -1 -1 -1
1511 1 545.333312 299.33330400000006 45.333376 30.666672000000002 -1 -1 -1 -1
1512 1 545.33376 298.66665600000005 64.0 31.999968000000003 -1 -1 -1 -1
1513 1 545.332992 297.999972 63.333376 33.333335999999996 -1 -1 -1 -1
1514 1 545.332928 297.333252 66.666624 33.333335999999996 -1 -1 -1 -1
1515 1 545.333568 297.333252 86.666624 33.333335999999996 -1 -1 -1 -1
1516 1 545.333632 298.666656 99.333376 32.666688 -1 -1 -1 -1
1517 1 545.332672 303.33348 105.33337599999999 27.33336 -1 -1 -1 -1
1518 11 545.33312 303.33348 109.33376000000001 26.66664 -1 -1 -1 -1
1519 11 545.33376 297.33336 118.66624 32.6664 -1 -1 -1 -1
1520 1 545.33312 297.999936 138.00064 32.666688 -1 -1 -1 -1
1521 1 545.33376 298.666656 140.66688 32.666688 -1 -1 -1 -1
1522 1 545.33312 309.333024 156.0 21.333312 -1 -1 -1 -1
1523 1 545.33376 300.66681600000004 166.66624 31.999968000000003 -1 -1 -1 -1
1524 1 545.33312 302.66679600000003 170.66624000000002 28.000007999999998 -1 -1 -1 -1
1525 1 545.33376 304.666884 179.33312 25.999992 -1 -1 -1 -1
1526 11 545.33312 306.66708 183.33312 23.999760000000002 -1 -1 -1 -1
1527 1 544.66688 307.33369200000004 227.33312 23.999976000000004 -1 -1 -1 -1
1528 1 545.33376 309.33302399999997 228.66688 22.000031999999997 -1 -1 -1 -1
1529 1 544.6675200000001 310.6665 226.66624 22.666680000000003 -1 -1 -1 -1
1530 1 545.33312 312.666516 226.00064 19.333368 -1 -1 -1 -1
1531 1 544.0 312.666516 232.0 19.333368 -1 -1 -1 -1
1532 1 545.33376 313.99992 230.66624000000002 18.0 -1 -1 -1 -1
1597 2 544.666112 303.999732 15.333376000000001 15.333336000000001 -1 -1 -1 -1
1598 2 545.333632 305.99978400000003 19.333376 12.666672 -1 -1 -1 -1
1599 2 545.332928 305.99985599999997 18.666624 14.666688 -1 -1 -1 -1
1600 2 545.332672 305.333172 25.333375999999998 15.333336000000001 -1 -1 -1 -1
1601 2 545.999808 301.333104 26.666624 22.000031999999997 -1 -1 -1 -1
1602 2 544.666688 299.333664 30.666624 22.000031999999997 -1 -1 -1 -1
1603 2 545.333248 295.33356000000003 32.666624 27.33336 -1 -1 -1 -1
1604 2 545.33344 292.666896 34.0 32.666688 -1 -1 -1 -1
1605 2 545.332992 295.3332 47.333375999999994 36.0 -1 -1 -1 -1
1606 2 545.333248 293.999724 48.666624 35.333352000000005 -1 -1 -1 -1
1607 2 545.332928 290.666988 50.666624 38.666664 -1 -1 -1 -1
1608 2 545.333312 293.33307600000006 85.33337599999999 37.333368 -1 -1 -1 -1
1609 2 545.333888 291.999636 84.66662400000001 37.333368 -1 -1 -1 -1
1610 2 545.33344 291.333024 114.0 39.333312 -1 -1 -1 -1
1611 2 545.33312 291.33302399999997 136.66688 40.000032 -1 -1 -1 -1
1612 2 545.33376 291.333024 139.33312 39.333312 -1 -1 -1 -1
1613 2 545.33376 292.666464 140.66688 39.333312 -1 -1 -1 -1
1614 2 545.33376 290.66634 155.33312 40.66668 -1 -1 -1 -1
1615 2 545.33376 291.999708 158.66624 38.666664 -1 -1 -1 -1
1616 2 545.33312 291.999744 173.99936 39.333312 -1 -1 -1 -1
1617 2 545.33312 295.3332 184.66688000000002 36.0 -1 -1 -1 -1
1618 2 545.33312 295.99988399999995 186.66624 34.666632 -1 -1 -1 -1
1619 2 545.33312 297.999936 204.0 32.666688 -1 -1 -1 -1
1620 2 545.3337600000001 298.000008 224.0 33.999984 -1 -1 -1 -1
1621 2 545.33376 300.66670799999997 228.66688 30.000024 -1 -1 -1 -1
1622 2 544.0 300.66670799999997 233.33376 30.000024 -1 -1 -1 -1
1623 2 544.66624 303.33348 232.66688 27.33336 -1 -1 -1 -1
1624 2 544.66624 306.66636 229.33375999999998 26.66664 -1 -1 -1 -1
1625 2 544.66688 305.33364 230.00063999999998 26.66664 -1 -1 -1 -1
1626 2 543.99936 307.332972 229.33375999999998 24.666695999999998 -1 -1 -1 -1
1627 2 544.66624 309.999708 232.66688 20.666663999999997 -1 -1 -1 -1
1628 2 544.66688 311.333184 230.00063999999998 21.333312 -1 -1 -1 -1
1629 2 546.0 311.99979600000006 228.0 19.333368 -1 -1 -1 -1
1630 2 544.66624 314.666568 232.66688 15.999984000000001 -1 -1 -1 -1
1690 3 542.66688 309.333276 12.0 10.000008 -1 -1 -1 -1
1691 3 544.0001088 309.333348 12.6666624 11.333304 -1 -1 -1 -1
1692 3 545.333312 307.999908 13.333376 11.333304 -1 -1 -1 -1
1693 3 545.333312 300.00034800000003 13.333376 20.666663999999997 -1 -1 -1 -1
1694 3 545.3328 303.33369600000003 22.0 13.999968 -1 -1 -1 -1
1695 3 545.332672 295.333344 25.333375999999998 21.333312 -1 -1 -1 -1
1696 3 545.333312 295.33334399999995 29.333376 22.000031999999997 -1 -1 -1 -1
1697 3 545.333248 289.333116 32.666624 28.000007999999998 -1 -1 -1 -1
1698 3 545.333248 288.6669 40.666624 40.66668 -1 -1 -1 -1
1699 3 545.333952 287.333532 49.333376 41.999976 -1 -1 -1 -1
1700 3 545.33376 287.333532 64.0 41.999976 -1 -1 -1 -1
1701 3 545.333952 286.666812 73.333376 42.666696 -1 -1 -1 -1
1702 3 545.333568 286.666812 78.666624 42.666696 -1 -1 -1 -1
1703 3 545.333248 281.999988 96.666624 47.333304 -1 -1 -1 -1
1704 3 545.333888 286.666812 108.66662399999998 42.666696 -1 -1 -1 -1
1705 3 545.33376 286.00023600000003 128.0 46.000008 -1 -1 -1 -1
1706 3 545.33312 288.00025200000005 130.66624 41.999976 -1 -1 -1 -1
1707 3 545.33376 286.000164 140.66688 43.999992 -1 -1 -1 -1
1708 3 545.33376 286.66684799999996 150.66624 43.333344000000004 -1 -1 -1 -1
1709 3 545.33312 289.33362 170.66624000000002 40.66668 -1 -1 -1 -1
1710 3 545.33376 290.667024 180.66688 39.333312 -1 -1 -1 -1
1711 3 545.3331199999999 291.999708 194.66624 38.666664 -1 -1 -1 -1
1712 3 545.33376 293.999796 211.33312 36.666648 -1 -1 -1 -1
1713 3 545.3337600000001 295.333164 217.99936 35.333352000000005 -1 -1 -1 -1
1714 3 545.33376 296.666568 230.66624000000002 33.999984 -1 -1 -1 -1
1715 3 545.33376 298.66665600000005 232.0 31.999968000000003 -1 -1 -1 -1
1716 3 545.33376 300.66670799999997 232.0 30.000024 -1 -1 -1 -1
1717 3 544.66624 304.666884 232.66688 25.999992 -1 -1 -1 -1
1718 3 544.66624 305.33356799999996 232.66688 25.333344 -1 -1 -1 -1
1719 3 544.66624 307.99965599999996 229.33375999999998 23.333328 -1 -1 -1 -1
1720 3 544.66688 307.33369200000004 230.00063999999998 23.999976000000004 -1 -1 -1 -1
1721 3 545.99936 309.33309599999995 228.66688 23.333328 -1 -1 -1 -1
1722 3 544.66624 311.333076 232.66688 19.333368 -1 -1 -1 -1
1723 3 544.66624 313.99988399999995 232.66688 16.666632 -1 -1 -1 -1
1724 3 544.66624 313.99988399999995 232.66688 16.666632 -1 -1 -1 -1
1784 4 545.33376 312.00002639999997 8.0 6.6666672 -1 -1 -1 -1
1785 4 545.3335488 310.6665864 6.6666624 6.6666672 -1 -1 -1 -1
1786 4 545.333248 304.66648799999996 16.666624000000002 15.999984000000001 -1 -1 -1 -1
1787 4 545.333568 305.33320799999996 22.666624 15.999984000000001 -1 -1 -1 -1
1788 4 545.333568 303.333228 30.666624 20.666663999999997 -1 -1 -1 -1
1789 4 545.3328 293.33358000000004 30.0 31.33332 -1 -1 -1 -1
1790 4 544.667008 292.00017599999995 36.666624 32.666688 -1 -1 -1 -1
1791 4 545.3328 290.666772 38.0 33.333335999999996 -1 -1 -1 -1
1792 4 544.000448 290.000052 34.666624 33.333335999999996 -1 -1 -1 -1
1793 4 545.333888 290.666988 44.666624 38.666664 -1 -1 -1 -1
1794 4 545.333632 289.333584 51.333376 40.000032 -1 -1 -1 -1
1795 4 545.333888 290.666988 68.666624 38.666664 -1 -1 -1 -1
1796 4 545.3328 291.999636 78.0 37.333368 -1 -1 -1 -1
1797 4 546.000128 290.66634 88.66662399999998 40.66668 -1 -1 -1 -1
1798 4 545.332992 291.999636 95.33337599999999 37.333368 -1 -1 -1 -1
1799 4 545.99968 290.666988 118.0 38.666664 -1 -1 -1 -1
1800 4 545.332992 293.333076 119.333376 36.666648 -1 -1 -1 -1
1801 4 545.33376 293.333076 142.66624000000002 36.666648 -1 -1 -1 -1
1802 4 545.33248 291.33302399999997 158.00064 40.000032 -1 -1 -1 -1
1803 4 545.33376 292.66642800000005 166.66624 38.666664 -1 -1 -1 -1
1804 4 546.00064 293.999796 174.66624 36.666648 -1 -1 -1 -1
1805 4 545.33312 293.33307600000006 186.00064 37.333368 -1 -1 -1 -1
1806 4 545.33376 295.99988399999995 195.33311999999998 34.666632 -1 -1 -1 -1
1807 4 545.33248 295.333164 206.00064 35.333352000000005 -1 -1 -1 -1
1808 4 545.33312 297.333288 228.0 33.999984 -1 -1 -1 -1
1809 4 545.33376 299.33334 228.66688 31.33332 -1 -1 -1 -1
1810 4 543.33376 300.66681600000004 231.33312 31.999968000000003 -1 -1 -1 -1
1811 4 544.66624 300.66678 229.33375999999998 31.33332 -1 -1 -1 -1
1812 4 546.0 300.66681600000004 231.33312 31.999968000000003 -1 -1 -1 -1
1813 4 542.6675200000001 304.66691999999995 230.66624000000002 26.66664 -1 -1 -1 -1
1814 4 545.33376 309.999708 232.0 20.666663999999997 -1 -1 -1 -1
1815 4 545.33376 309.999708 232.0 20.666663999999997 -1 -1 -1 -1
1816 4 544.66688 311.99979600000006 230.00063999999998 19.333368 -1 -1 -1 -1
1817 4 544.66688 311.999868 230.66624000000002 20.666663999999997 -1 -1 -1 -1
1818 4 545.33248 313.999956 230.00063999999998 18.666648000000002 -1 -1 -1 -1
1882 5 544.6670912 312.00002639999997 9.3333376 6.6666672 -1 -1 -1 -1
1883 5 545.333312 309.333276 13.333376 10.000008 -1 -1 -1 -1
1884 5 545.3328 306.66654 14.0 13.33332 -1 -1 -1 -1
1885 5 544.66688 304.666416 16.0 14.666688 -1 -1 -1 -1
1886 5 545.333248 300.666312 16.666624000000002 20.000016 -1 -1 -1 -1
1887 5 545.33376 296.00028000000003 32.0 27.33336 -1 -1 -1 -1
1888 5 545.33376 299.333052 32.0 24.666695999999998 -1 -1 -1 -1
1889 5 544.66688 298.666332 32.0 23.999976000000004 -1 -1 -1 -1
1890 5 543.999872 297.333684 35.333376 25.999992 -1 -1 -1 -1
1891 5 545.3328 295.333128 46.0 33.999984 -1 -1 -1 -1
1892 5 545.333632 296.666496 51.333376 32.666688 -1 -1 -1 -1
1893 5 545.332992 291.33367200000004 71.333376 38.000016 -1 -1 -1 -1
1894 5 545.333632 291.33367200000004 75.333376 38.000016 -1 -1 -1 -1
1895 5 545.333248 295.333128 88.66662399999998 33.999984 -1 -1 -1 -1
1896 5 543.99968 295.333128 98.0 33.999984 -1 -1 -1 -1
1897 5 545.999808 293.33304 98.66662399999998 36.0 -1 -1 -1 -1
1898 5 545.332992 289.33362 119.333376 40.66668 -1 -1 -1 -1
1899 5 545.332992 290.667024 119.333376 39.333312 -1 -1 -1 -1
1900 5 545.33376 295.999848 120.0 33.999984 -1 -1 -1 -1
1901 5 543.99936 294.66648 157.33375999999998 36.0 -1 -1 -1 -1
1902 5 545.33376 293.99976000000004 164.66688000000002 36.0 -1 -1 -1 -1
1903 5 545.33376 295.33316399999995 174.66624 34.666632 -1 -1 -1 -1
1904 5 545.33312 296.666568 186.66624 33.999984 -1 -1 -1 -1
1905 5 545.3337600000001 295.33316399999995 220.66688 34.666632 -1 -1 -1 -1
1906 5 545.3337600000001 299.33334 220.66688 31.33332 -1 -1 -1 -1
1907 5 545.33312 302.000112 218.66624000000002 28.666656 -1 -1 -1 -1
1908 5 544.0 303.33351600000003 227.33312 28.000007999999998 -1 -1 -1 -1
1909 5 547.3331199999999 304.666884 230.66624000000002 25.999992 -1 -1 -1 -1
1910 5 546.00064 306.666972 227.33312 24.666695999999998 -1 -1 -1 -1
1911 5 543.99936 306.667008 229.33375999999998 25.333344 -1 -1 -1 -1
1912 5 544.0 309.999744 230.66624000000002 21.333312 -1 -1 -1 -1
1913 5 545.33376 311.99979600000006 227.33312 19.333368 -1 -1 -1 -1
1914 5 544.66624 311.99979600000006 232.66688 19.333368 -1 -1 -1 -1
1915 5 542.66688 313.99988399999995 234.66624 16.666632 -1 -1 -1 -1
1978 6 544.66688 309.99996000000004 16.0 9.33336 -1 -1 -1 -1
1979 6 545.333312 303.999732 13.333376 15.333336000000001 -1 -1 -1 -1
1980 6 545.332928 301.333068 18.666624 20.666663999999997 -1 -1 -1 -1
1981 6 545.33344 300.66642 26.0 22.666680000000003 -1 -1 -1 -1
1982 6 545.333568 295.99974000000003 30.666624 31.33332 -1 -1 -1 -1
1983 6 546.0 292.00028399999997 36.0 34.666632 -1 -1 -1 -1
1984 6 545.33344 290.66630399999997 42.0 40.000032 -1 -1 -1 -1
1985 6 546.0 291.999636 44.0 37.333368 -1 -1 -1 -1
1986 6 544.000192 290.66695200000004 41.333376 38.000016 -1 -1 -1 -1
1987 6 544.666752 284.00014799999997 59.333376 48.000023999999996 -1 -1 -1 -1
1988 6 545.3328 289.333584 70.0 40.000032 -1 -1 -1 -1
1989 6 545.3328 289.333584 78.0 40.000032 -1 -1 -1 -1
1990 6 545.999808 289.333584 90.666624 40.000032 -1 -1 -1 -1
1991 6 545.333888 288.66693599999996 116.666624 41.333327999999995 -1 -1 -1 -1
1992 6 545.332992 288.66693599999996 119.333376 41.333327999999995 -1 -1 -1 -1
1993 6 545.33312 289.33362 141.99936 40.66668 -1 -1 -1 -1
1994 6 545.33312 289.33362 144.66688 40.66668 -1 -1 -1 -1
1995 6 545.33376 290.00030399999997 153.33375999999998 40.000032 -1 -1 -1 -1
1996 6 545.33376 290.00030399999997 169.33375999999998 40.000032 -1 -1 -1 -1
1997 6 545.33312 291.999708 173.99936 38.666664 -1 -1 -1 -1
1998 6 544.66624 293.33307600000006 186.66624 37.333368 -1 -1 -1 -1
1999 6 545.3331199999999 291.99967200000003 199.33312 38.000016 -1 -1 -1 -1
2000 6 545.33312 294.66648 212.0 36.0 -1 -1 -1 -1
2001 6 545.33376 297.999936 217.33375999999998 32.666688 -1 -1 -1 -1
2002 6 545.33248 298.66665600000005 230.00063999999998 31.999968000000003 -1 -1 -1 -1
2003 6 545.33376 299.33334 232.0 31.33332 -1 -1 -1 -1
2004 6 544.0 301.333392 230.66624000000002 28.666656 -1 -1 -1 -1
2005 6 544.66624 304.0002 229.33375999999998 27.33336 -1 -1 -1 -1
2006 6 544.0 304.66692 230.00063999999998 27.33336 -1 -1 -1 -1
2007 6 542.0006400000001 306.000288 232.0 25.333344 -1 -1 -1 -1
2008 6 546.00064 310.666428 227.33312 20.666663999999997 -1 -1 -1 -1
2009 6 546.0006400000001 309.999708 219.33312 20.666663999999997 -1 -1 -1 -1
2010 6 544.66624 312.666588 229.33375999999998 20.666663999999997 -1 -1 -1 -1
2011 6 544.66624 311.333076 232.66688 19.333368 -1 -1 -1 -1
2074 7 545.3329088 307.33322400000003 10.6666624 12.666672 -1 -1 -1 -1
2075 7 545.333568 305.999856 14.666623999999999 13.999968 -1 -1 -1 -1
2076 7 545.333632 301.99968 19.333376 18.0 -1 -1 -1 -1
2077 7 545.33344 300.666996 18.0 18.666648000000002 -1 -1 -1 -1
2078 7 545.333632 298.000224 19.333376 22.000031999999997 -1 -1 -1 -1
2079 7 545.33376 298.000224 24.0 22.000031999999997 -1 -1 -1 -1
2080 7 545.333248 292.666968 32.666624 33.999984 -1 -1 -1 -1
2081 7 545.333888 290.66695200000004 44.666624 38.000016 -1 -1 -1 -1
2082 7 545.333312 290.000304 45.333376 39.333312 -1 -1 -1 -1
2083 7 545.333952 286.666812 49.333376 42.666696 -1 -1 -1 -1
2084 7 545.33344 288.66697200000004 66.0 41.999976 -1 -1 -1 -1
2085 7 545.333952 290.666988 73.333376 38.666664 -1 -1 -1 -1
2086 7 545.333248 290.000304 80.666624 39.333312 -1 -1 -1 -1
2087 7 546.00032 290.66630399999997 98.0 40.000032 -1 -1 -1 -1
2088 7 545.33376 291.33367200000004 96.0 38.000016 -1 -1 -1 -1
2089 7 545.33376 289.33362 120.0 40.66668 -1 -1 -1 -1
2090 7 545.33376 290.667024 120.0 39.333312 -1 -1 -1 -1
2091 7 545.33376 291.33302399999997 136.0 40.000032 -1 -1 -1 -1
2092 7 545.33312 291.999744 159.33312 39.333312 -1 -1 -1 -1
2093 7 545.33312 291.33302399999997 170.66624000000002 40.000032 -1 -1 -1 -1
2094 7 545.33312 294.666444 175.33311999999998 35.333352000000005 -1 -1 -1 -1
2095 7 545.33312 295.99988399999995 186.00064 34.666632 -1 -1 -1 -1
2096 7 545.33312 296.666568 202.66624000000002 33.999984 -1 -1 -1 -1
2097 7 544.66624 299.33334 210.00063999999998 31.33332 -1 -1 -1 -1
2098 7 545.3337600000001 300.66670799999997 217.99936 30.000024 -1 -1 -1 -1
2099 7 544.66688 302.666868 230.00063999999998 29.333304 -1 -1 -1 -1
2100 7 545.99936 303.33351600000003 230.00063999999998 28.000007999999998 -1 -1 -1 -1
2101 7 546.0 304.0002 228.0 26.66664 -1 -1 -1 -1
2102 7 542.66624 308.00034 233.33376 22.666680000000003 -1 -1 -1 -1
2103 7 544.66688 309.333024 230.00063999999998 21.333312 -1 -1 -1 -1
2104 7 544.0 311.999796 233.33376 18.666648000000002 -1 -1 -1 -1
2105 7 544.00064 315.999972 231.33312 15.333336000000001 -1 -1 -1 -1
2106 7 546.0 316.66676399999994 228.0 16.666632 -1 -1 -1 -1
2171 15 545.33376 309.33324 3.33312 5.99976 -1 -1 -1 -1
2172 16 545.33312 309.33324 2.66624 5.99976 -1 -1 -1 -1
2173 8 546.66688 303.999696 12.0 14.666688 -1 -1 -1 -1
2174 8 544.00032 299.33355600000004 22.0 19.333368 -1 -1 -1 -1
2175 6 545.33376 295.333488 24.0 25.333344 -1 -1 -1 -1
2176 8 545.333248 293.33350799999994 32.666624 30.000024 -1 -1 -1 -1
2177 8 545.333568 291.33352799999994 38.666624 33.999984 -1 -1 -1 -1
2178 8 545.3328 289.333476 46.0 36.666648 -1 -1 -1 -1
2179 8 545.33312 286.666812 44.0 42.666696 -1 -1 -1 -1
2180 8 545.333952 291.33367200000004 49.333376 38.000016 -1 -1 -1 -1
2181 8 545.332928 291.33367200000004 66.666624 38.000016 -1 -1 -1 -1
2182 8 543.999872 293.333148 75.333376 38.666664 -1 -1 -1 -1
2183 8 545.33344 289.333584 82.0 40.000032 -1 -1 -1 -1
2184 8 545.333888 290.000304 108.66662399999998 39.333312 -1 -1 -1 -1
2185 8 545.333888 294.666444 116.666624 34.666632 -1 -1 -1 -1
2186 8 545.332992 291.332988 127.333376 38.666664 -1 -1 -1 -1
2187 8 545.33312 291.332988 141.99936 38.666664 -1 -1 -1 -1
2188 8 545.33312 292.666356 148.0 37.333368 -1 -1 -1 -1
2189 8 545.33312 292.666356 149.33376 37.333368 -1 -1 -1 -1
2190 8 544.66624 291.33367200000004 184.66688000000002 38.000016 -1 -1 -1 -1
2191 8 545.33376 293.333076 180.66688 36.666648 -1 -1 -1 -1
2192 8 545.33312 295.333164 191.33312 35.333352000000005 -1 -1 -1 -1
2193 8 545.33312 297.333252 202.66624000000002 33.333335999999996 -1 -1 -1 -1
2194 8 545.3331199999999 298.66665600000005 213.99936 31.999968000000003 -1 -1 -1 -1
2195 8 543.33312 301.33342799999997 227.33312 29.333304 -1 -1 -1 -1
2196 8 544.66688 302.00022 228.66688 31.33332 -1 -1 -1 -1
2197 8 544.0 303.333552 230.66624000000002 28.666656 -1 -1 -1 -1
2198 8 545.33376 304.000236 227.33312 28.000007999999998 -1 -1 -1 -1
2199 8 544.66624 306.667008 228.0 25.333344 -1 -1 -1 -1
2200 8 545.33312 306.666324 228.0 25.999992 -1 -1 -1 -1
2201 8 545.33248 311.333076 230.00063999999998 19.333368 -1 -1 -1 -1
2202 8 543.33376 314.666604 231.33312 17.333352 -1 -1 -1 -1
2203 8 543.99936 313.333236 229.33375999999998 18.666648000000002 -1 -1 -1 -1
2204 8 544.66624 312.666516 232.66688 18.666648000000002 -1 -1 -1 -1
2271 9 545.33312 309.33324 12.0 8.666640000000001 -1 -1 -1 -1
2272 9 545.3336512 307.333152 11.3333376 10.666656 -1 -1 -1 -1
2273 9 545.33312 305.999748 12.0 11.333304 -1 -1 -1 -1
2274 9 545.33376 300.000204 16.0 17.333352 -1 -1 -1 -1
2275 9 545.3328 300.666924 22.0 17.333352 -1 -1 -1 -1
2276 9 545.3328 295.333452 22.0 24.666695999999998 -1 -1 -1 -1
2277 9 545.999808 291.333348 26.666624 29.333304 -1 -1 -1 -1
2278 9 545.3328 291.33342000000005 30.0 31.33332 -1 -1 -1 -1
2279 9 545.999808 287.333352 42.666624000000006 38.000016 -1 -1 -1 -1
2280 9 545.33312 291.33367200000004 44.0 38.000016 -1 -1 -1 -1
2281 9 543.333568 288.000252 58.666624 42.666696 -1 -1 -1 -1
2282 9 545.999552 286.0002 73.333376 45.333360000000006 -1 -1 -1 -1
2283 9 545.333312 284.666832 77.333376 46.666656 -1 -1 -1 -1
2284 9 545.33344 288.000216 90.0 41.333327999999995 -1 -1 -1 -1
2285 9 545.33344 285.333444 90.0 43.999992 -1 -1 -1 -1
2286 9 545.333888 287.333532 124.66662400000001 42.666696 -1 -1 -1 -1
2287 9 545.33376 291.999744 132.66688 39.333312 -1 -1 -1 -1
2288 9 545.33376 288.666972 148.66688 42.666696 -1 -1 -1 -1
2289 9 545.33376 291.332988 131.33312 38.666664 -1 -1 -1 -1
2290 9 545.33376 292.666356 158.66624 37.333368 -1 -1 -1 -1
2291 9 545.33312 291.332988 173.99936 38.666664 -1 -1 -1 -1
2292 9 545.33248 294.66648 185.33376 36.0 -1 -1 -1 -1
2293 9 545.3324799999999 296.666568 193.33376 33.999984 -1 -1 -1 -1
2294 9 545.33312 297.333252 205.33376 33.333335999999996 -1 -1 -1 -1
2295 9 545.3331200000001 301.33342799999997 215.33311999999998 29.333304 -1 -1 -1 -1
2296 9 545.3337600000001 300.66670799999997 224.0 30.000024 -1 -1 -1 -1
2297 9 546.0 301.3335 229.33375999999998 31.33332 -1 -1 -1 -1
2298 9 545.33376 305.33364 228.66688 26.66664 -1 -1 -1 -1
2299 9 545.33312 305.33356799999996 231.33312 25.333344 -1 -1 -1 -1
2300 9 545.33312 306.666972 226.00064 24.666695999999998 -1 -1 -1 -1
2301 9 543.33312 310.66639200000003 233.33376 20.000016 -1 -1 -1 -1
2302 9 545.33376 309.999708 232.0 20.666663999999997 -1 -1 -1 -1
2303 9 544.0 313.333164 233.33376 17.333352 -1 -1 -1 -1
2304 9 544.66624 315.999936 232.66688 14.666688 -1 -1 -1 -1
2305 9 544.0 313.99988399999995 233.33376 16.666632 -1 -1 -1 -1
2375 10 545.3338688 309.333276 12.6666624 10.000008 -1 -1 -1 -1
2376 10 545.333248 306.666576 16.666624000000002 13.999968 -1 -1 -1 -1
2377 10 546.000128 306.66643200000004 16.666624000000002 10.666656 -1 -1 -1 -1
2378 10 545.33312 301.333644 20.0 17.333352 -1 -1 -1 -1
2379 10 545.332928 301.999644 18.666624 17.333352 -1 -1 -1 -1
2380 10 545.333568 301.333032 22.666624 20.000016 -1 -1 -1 -1
2381 10 544.000192 298.666944 33.333376 22.000031999999997 -1 -1 -1 -1
2382 10 545.332992 297.333648 31.333376 25.333344 -1 -1 -1 -1
2383 10 545.332992 295.999776 39.333376 32.666688 -1 -1 -1 -1
2384 10 545.33376 293.33304 48.0 36.0 -1 -1 -1 -1
2385 10 545.33376 295.99981199999996 48.0 33.333335999999996 -1 -1 -1 -1
2386 10 545.333952 295.99981199999996 49.333376 33.333335999999996 -1 -1 -1 -1
2387 10 545.332928 296.666496 82.666624 32.666688 -1 -1 -1 -1
2388 10 544.000448 296.666496 90.666624 31.999968000000003 -1 -1 -1 -1
2389 10 545.333248 296.666496 96.666624 32.666688 -1 -1 -1 -1
2390 10 545.333248 296.666496 104.66662400000001 32.666688 -1 -1 -1 -1
2391 10 545.332992 297.99993600000005 119.333376 31.999968000000003 -1 -1 -1 -1
2392 10 545.332992 297.99993600000005 119.333376 31.999968000000003 -1 -1 -1 -1
2393 10 545.33376 300.00006 131.33312 31.33332 -1 -1 -1 -1
2394 10 545.33376 302.000112 148.66688 28.666656 -1 -1 -1 -1
2395 10 545.33248 304.66691999999995 161.33375999999998 26.66664 -1 -1 -1 -1
2396 10 544.00064 302.000004 170.66624000000002 25.999992 -1 -1 -1 -1
2397 10 545.33376 305.333532 176.0 24.666695999999998 -1 -1 -1 -1
2398 10 545.33312 307.33365599999996 186.00064 23.333328 -1 -1 -1 -1
2399 10 544.66752 305.33356799999996 197.99936 25.333344 -1 -1 -1 -1
2400 10 544.66688 308.667024 222.66624000000002 21.333312 -1 -1 -1 -1
2401 10 544.0006400000001 312.666624 228.0 21.333312 -1 -1 -1 -1
2402 10 545.99936 312.666552 228.66688 20.000016 -1 -1 -1 -1
2403 10 544.6675200000001 313.333236 226.66624 19.333368 -1 -1 -1 -1
2404 10 544.66688 314.66664000000003 228.66688 18.0 -1 -1 -1 -1
2474 11 543.3332288 309.333384 12.6666624 12.666672 -1 -1 -1 -1
2475 11 544.6669888 308.66659200000004 12.6666624 10.666656 -1 -1 -1 -1
2476 11 545.3328 309.99996 14.0 8.666640000000001 -1 -1 -1 -1
2477 11 546.0005312 307.33318799999995 11.3333376 12.000024 -1 -1 -1 -1
2478 11 545.3338688 309.99996000000004 12.6666624 9.33336 -1 -1 -1 -1
2479 11 544.666368 302.66675999999995 40.666624 26.66664 -1 -1 -1 -1
2480 11 545.333248 302.666868 40.666624 29.333304 -1 -1 -1 -1
2481 11 545.33376 302.00003999999996 48.0 26.66664 -1 -1 -1 -1
2482 11 542.6672 302.66679600000003 50.0 28.000007999999998 -1 -1 -1 -1
2483 11 545.999808 304.66692 50.666624 27.33336 -1 -1 -1 -1
2484 11 545.332928 305.33356799999996 66.666624 25.333344 -1 -1 -1 -1
2485 11 545.333248 306.00025199999993 56.666624 23.999976000000004 -1 -1 -1 -1
2486 11 545.333568 305.33364 54.666624 26.66664 -1 -1 -1 -1
2487 11 543.999872 306.00025199999993 75.333376 23.999976000000004 -1 -1 -1 -1
2488 1 545.333248 308.00030399999997 88.66662399999998 22.000031999999997 -1 -1 -1 -1
2489 11 545.333632 308.666988 91.33337600000002 20.666663999999997 -1 -1 -1 -1
2490 11 545.33312 309.33367200000004 100.0 20.000016 -1 -1 -1 -1
2491 11 545.333952 311.99976 113.333376 18.0 -1 -1 -1 -1
2492 11 545.332992 310.666356 119.333376 19.333368 -1 -1 -1 -1
2493 11 543.999488 311.99976 120.666624 18.0 -1 -1 -1 -1
2494 11 544.666368 315.999936 120.666624 13.999968 -1 -1 -1 -1
2495 11 544.666368 317.33330400000006 120.666624 12.666672 -1 -1 -1 -1
2496 11 544.66624 315.999936 143.33312 13.999968 -1 -1 -1 -1
2497 11 544.66624 316.666728 156.0 15.999984000000001 -1 -1 -1 -1